csp400

VEHICLE
NUMBER     CAPACITY
  1000      1000000

CUSTOMER
CUST NO.  XCOORD.    YCOORD.    DEMAND   READY TIME   DUE DATE   SERVICE TIME
 
    0      0         0         0         0         0         0
    1      1         1         1         1         221         220
    2      2         2         1         6         58         52
    3      3         3         1         10         137         127
    4      4         4         1         10         127         117
    5      5         5         1         11         241         230
    6      6         6         1         11         215         204
    7      7         7         1         13         155         142
    8      8         8         1         14         63         49
    9      9         9         1         16         170         154
    10      10         10         1         18         217         199
    11      11         11         1         19         227         208
    12      12         12         1         20         88         68
    13      13         13         1         22         171         149
    14      14         14         1         26         260         234
    15      15         15         1         29         94         65
    16      16         16         1         30         196         166
    17      17         17         1         31         55         24
    18      18         18         1         33         222         189
    19      19         19         1         36         147         111
    20      20         20         1         39         257         218
    21      21         21         1         43         118         75
    22      22         22         1         55         189         134
    23      23         23         1         71         161         90
    24      24         24         1         72         258         186
    25      25         25         1         78         181         103
    26      26         26         1         86         201         115
    27      27         27         1         91         146         55
    28      28         28         1         92         280         188
    29      29         29         1         96         182         86
    30      30         30         1         96         250         154
    31      31         31         1         103         172         69
    32      32         32         1         105         317         212
    33      33         33         1         111         203         92
    34      34         34         1         111         261         150
    35      35         35         1         112         340         228
    36      36         36         1         114         166         52
    37      37         37         1         117         288         171
    38      38         38         1         118         187         69
    39      39         39         1         120         157         37
    40      40         40         1         121         285         164
    41      41         41         1         128         180         52
    42      42         42         1         131         159         28
    43      43         43         1         141         352         211
    44      44         44         1         158         393         235
    45      45         45         1         166         209         43
    46      46         46         1         168         352         184
    47      47         47         1         170         371         201
    48      48         48         1         172         226         54
    49      49         49         1         180         353         173
    50      50         50         1         182         264         82
    51      51         51         1         183         273         90
    52      52         52         1         184         295         111
    53      53         53         1         189         344         155
    54      54         54         1         190         361         171
    55      55         55         1         191         398         207
    56      56         56         1         197         235         38
    57      57         57         1         198         266         68
    58      58         58         1         200         367         167
    59      59         59         1         206         433         227
    60      60         60         1         209         238         29
    61      61         61         1         212         341         129
    62      62         62         1         216         385         169
    63      63         63         1         218         401         183
    64      64         64         1         218         371         153
    65      65         65         1         220         434         214
    66      66         66         1         221         247         26
    67      67         67         1         224         309         85
    68      68         68         1         229         283         54
    69      69         69         1         234         270         36
    70      70         70         1         237         393         156
    71      71         71         1         246         336         90
    72      72         72         1         247         306         59
    73      73         73         1         250         288         38
    74      74         74         1         250         386         136
    75      75         75         1         252         279         27
    76      76         76         1         252         308         56
    77      77         77         1         254         391         137
    78      78         78         1         256         455         199
    79      79         79         1         257         490         233
    80      80         80         1         269         439         170
    81      81         81         1         287         326         39
    82      82         82         1         291         350         59
    83      83         83         1         291         501         210
    84      84         84         1         294         412         118
    85      85         85         1         304         502         198
    86      86         86         1         313         396         83
    87      87         87         1         313         473         160
    88      88         88         1         314         347         33
    89      89         89         1         319         416         97
    90      90         90         1         320         364         44
    91      91         91         1         326         348         22
    92      92         92         1         328         465         137
    93      93         93         1         329         546         217
    94      94         94         1         332         437         105
    95      95         95         1         336         358         22
    96      96         96         1         337         445         108
    97      97         97         1         343         444         101
    98      98         98         1         352         567         215
    99      99         99         1         353         379         26
    100      100         100         1         354         522         168
    101      101         101         1         371         605         234
    102      102         102         1         372         423         51
    103      103         103         1         382         491         109
    104      104         104         1         386         543         157
    105      105         105         1         393         532         139
    106      106         106         1         401         487         86
    107      107         107         1         403         601         198
    108      108         108         1         407         503         96
    109      109         109         1         407         425         18
    110      110         110         1         410         461         51
    111      111         111         1         430         583         153
    112      112         112         1         430         493         63
    113      113         113         1         431         542         111
    114      114         114         1         438         495         57
    115      115         115         1         443         608         165
    116      116         116         1         449         587         138
    117      117         117         1         465         512         47
    118      118         118         1         470         681         211
    119      119         119         1         482         720         238
    120      120         120         1         489         669         180
    121      121         121         1         489         575         86
    122      122         122         1         493         717         224
    123      123         123         1         494         719         225
    124      124         124         1         496         651         155
    125      125         125         1         497         520         23
    126      126         126         1         497         706         209
    127      127         127         1         504         638         134
    128      128         128         1         504         545         41
    129      129         129         1         508         599         91
    130      130         130         1         510         546         36
    131      131         131         1         515         639         124
    132      132         132         1         516         663         147
    133      133         133         1         520         724         204
    134      134         134         1         520         737         217
    135      135         135         1         521         649         128
    136      136         136         1         523         604         81
    137      137         137         1         523         705         182
    138      138         138         1         525         541         16
    139      139         139         1         530         706         176
    140      140         140         1         534         683         149
    141      141         141         1         534         578         44
    142      142         142         1         541         557         16
    143      143         143         1         542         680         138
    144      144         144         1         542         648         106
    145      145         145         1         545         660         115
    146      146         146         1         554         740         186
    147      147         147         1         566         724         158
    148      148         148         1         566         654         88
    149      149         149         1         571         608         37
    150      150         150         1         577         653         76
    151      151         151         1         580         698         118
    152      152         152         1         584         600         16
    153      153         153         1         585         657         72
    154      154         154         1         585         669         84
    155      155         155         1         587         682         95
    156      156         156         1         601         625         24
    157      157         157         1         607         786         179
    158      158         158         1         616         689         73
    159      159         159         1         618         839         221
    160      160         160         1         619         841         222
    161      161         161         1         623         850         227
    162      162         162         1         624         725         101
    163      163         163         1         625         708         83
    164      164         164         1         629         759         130
    165      165         165         1         629         794         165
    166      166         166         1         631         669         38
    167      167         167         1         632         671         39
    168      168         168         1         634         758         124
    169      169         169         1         650         787         137
    170      170         170         1         669         857         188
    171      171         171         1         670         790         120
    172      172         172         1         677         810         133
    173      173         173         1         679         811         132
    174      174         174         1         680         785         105
    175      175         175         1         684         909         225
    176      176         176         1         687         833         146
    177      177         177         1         688         803         115
    178      178         178         1         690         799         109
    179      179         179         1         690         852         162
    180      180         180         1         692         922         230
    181      181         181         1         698         782         84
    182      182         182         1         699         902         203
    183      183         183         1         700         731         31
    184      184         184         1         704         867         163
    185      185         185         1         711         812         101
    186      186         186         1         711         755         44
    187      187         187         1         715         822         107
    188      188         188         1         717         925         208
    189      189         189         1         720         829         109
    190      190         190         1         727         903         176
    191      191         191         1         727         750         23
    192      192         192         1         734         751         17
    193      193         193         1         736         887         151
    194      194         194         1         736         790         54
    195      195         195         1         737         804         67
    196      196         196         1         738         842         104
    197      197         197         1         746         843         97
    198      198         198         1         747         863         116
    199      199         199         1         751         788         37
    200      200         200         1         756         881         125
    201      201         201         1         758         936         178
    202      202         202         1         761         782         21
    203      203         203         1         764         937         173
    204      204         204         1         765         931         166
    205      205         205         1         768         868         100
    206      206         206         1         771         967         196
    207      207         207         1         774         947         173
    208      208         208         1         779         840         61
    209      209         209         1         781         953         172
    210      210         210         1         788         826         38
    211      211         211         1         800         851         51
    212      212         212         1         804         981         177
    213      213         213         1         804         939         135
    214      214         214         1         805         1004         199
    215      215         215         1         807         951         144
    216      216         216         1         811         1036         225
    217      217         217         1         813         851         38
    218      218         218         1         824         893         69
    219      219         219         1         824         855         31
    220      220         220         1         825         1025         200
    221      221         221         1         832         928         96
    222      222         222         1         834         900         66
    223      223         223         1         835         870         35
    224      224         224         1         848         930         82
    225      225         225         1         851         1080         229
    226      226         226         1         857         955         98
    227      227         227         1         859         1096         237
    228      228         228         1         865         984         119
    229      229         229         1         866         1053         187
    230      230         230         1         867         998         131
    231      231         231         1         868         942         74
    232      232         232         1         870         1071         201
    233      233         233         1         873         1054         181
    234      234         234         1         873         1047         174
    235      235         235         1         875         1057         182
    236      236         236         1         877         912         35
    237      237         237         1         885         1045         160
    238      238         238         1         887         939         52
    239      239         239         1         889         1048         159
    240      240         240         1         896         1016         120
    241      241         241         1         898         1081         183
    242      242         242         1         900         983         83
    243      243         243         1         901         1038         137
    244      244         244         1         904         1096         192
    245      245         245         1         908         1135         227
    246      246         246         1         915         1021         106
    247      247         247         1         915         1078         163
    248      248         248         1         916         1012         96
    249      249         249         1         918         990         72
    250      250         250         1         920         1062         142
    251      251         251         1         923         1096         173
    252      252         252         1         925         992         67
    253      253         253         1         929         1091         162
    254      254         254         1         943         1140         197
    255      255         255         1         947         1012         65
    256      256         256         1         947         1033         86
    257      257         257         1         951         1148         197
    258      258         258         1         957         1079         122
    259      259         259         1         962         1010         48
    260      260         260         1         963         1025         62
    261      261         261         1         964         1048         84
    262      262         262         1         969         1155         186
    263      263         263         1         969         1181         212
    264      264         264         1         977         1154         177
    265      265         265         1         979         1152         173
    266      266         266         1         990         1122         132
    267      267         267         1         997         1062         65
    268      268         268         1         1000         1210         210
    269      269         269         1         1005         1090         85
    270      270         270         1         1005         1126         121
    271      271         271         1         1009         1184         175
    272      272         272         1         1010         1166         156
    273      273         273         1         1010         1032         22
    274      274         274         1         1013         1144         131
    275      275         275         1         1013         1239         226
    276      276         276         1         1014         1117         103
    277      277         277         1         1020         1240         220
    278      278         278         1         1027         1096         69
    279      279         279         1         1029         1265         236
    280      280         280         1         1033         1104         71
    281      281         281         1         1037         1098         61
    282      282         282         1         1038         1211         173
    283      283         283         1         1040         1072         32
    284      284         284         1         1049         1127         78
    285      285         285         1         1051         1209         158
    286      286         286         1         1053         1245         192
    287      287         287         1         1061         1174         113
    288      288         288         1         1062         1178         116
    289      289         289         1         1063         1240         177
    290      290         290         1         1075         1261         186
    291      291         291         1         1077         1270         193
    292      292         292         1         1079         1265         186
    293      293         293         1         1079         1201         122
    294      294         294         1         1087         1196         109
    295      295         295         1         1088         1206         118
    296      296         296         1         1092         1217         125
    297      297         297         1         1092         1275         183
    298      298         298         1         1096         1186         90
    299      299         299         1         1097         1136         39
    300      300         300         1         1097         1232         135
    301      301         301         1         1102         1210         108
    302      302         302         1         1108         1152         44
    303      303         303         1         1109         1226         117
    304      304         304         1         1110         1318         208
    305      305         305         1         1112         1347         235
    306      306         306         1         1118         1265         147
    307      307         307         1         1118         1195         77
    308      308         308         1         1120         1346         226
    309      309         309         1         1120         1207         87
    310      310         310         1         1122         1190         68
    311      311         311         1         1124         1197         73
    312      312         312         1         1128         1160         32
    313      313         313         1         1129         1150         21
    314      314         314         1         1129         1230         101
    315      315         315         1         1134         1316         182
    316      316         316         1         1135         1222         87
    317      317         317         1         1144         1279         135
    318      318         318         1         1145         1202         57
    319      319         319         1         1147         1165         18
    320      320         320         1         1151         1279         128
    321      321         321         1         1151         1213         62
    322      322         322         1         1153         1362         209
    323      323         323         1         1156         1183         27
    324      324         324         1         1160         1272         112
    325      325         325         1         1161         1342         181
    326      326         326         1         1169         1258         89
    327      327         327         1         1175         1237         62
    328      328         328         1         1176         1299         123
    329      329         329         1         1181         1414         233
    330      330         330         1         1183         1239         56
    331      331         331         1         1183         1338         155
    332      332         332         1         1191         1209         18
    333      333         333         1         1198         1220         22
    334      334         334         1         1199         1389         190
    335      335         335         1         1202         1247         45
    336      336         336         1         1203         1396         193
    337      337         337         1         1204         1264         60
    338      338         338         1         1212         1259         47
    339      339         339         1         1214         1383         169
    340      340         340         1         1220         1434         214
    341      341         341         1         1226         1415         189
    342      342         342         1         1228         1283         55
    343      343         343         1         1238         1396         158
    344      344         344         1         1241         1401         160
    345      345         345         1         1245         1342         97
    346      346         346         1         1248         1420         172
    347      347         347         1         1257         1411         154
    348      348         348         1         1259         1392         133
    349      349         349         1         1269         1460         191
    350      350         350         1         1273         1441         168
    351      351         351         1         1274         1497         223
    352      352         352         1         1275         1478         203
    353      353         353         1         1281         1460         179
    354      354         354         1         1283         1435         152
    355      355         355         1         1284         1502         218
    356      356         356         1         1287         1432         145
    357      357         357         1         1287         1307         20
    358      358         358         1         1289         1431         142
    359      359         359         1         1290         1457         167
    360      360         360         1         1294         1419         125
    361      361         361         1         1297         1468         171
    362      362         362         1         1299         1510         211
    363      363         363         1         1307         1513         206
    364      364         364         1         1318         1381         63
    365      365         365         1         1319         1547         228
    366      366         366         1         1321         1508         187
    367      367         367         1         1326         1371         45
    368      368         368         1         1332         1401         69
    369      369         369         1         1335         1428         93
    370      370         370         1         1338         1457         119
    371      371         371         1         1347         1450         103
    372      372         372         1         1350         1450         100
    373      373         373         1         1352         1423         71
    374      374         374         1         1363         1596         233
    375      375         375         1         1364         1461         97
    376      376         376         1         1368         1491         123
    377      377         377         1         1371         1493         122
    378      378         378         1         1378         1418         40
    379      379         379         1         1384         1440         56
    380      380         380         1         1386         1621         235
    381      381         381         1         1386         1580         194
    382      382         382         1         1387         1509         122
    383      383         383         1         1395         1415         20
    384      384         384         1         1400         1620         220
    385      385         385         1         1402         1507         105
    386      386         386         1         1408         1642         234
    387      387         387         1         1412         1573         161
    388      388         388         1         1413         1495         82
    389      389         389         1         1415         1487         72
    390      390         390         1         1417         1539         122
    391      391         391         1         1420         1445         25
    392      392         392         1         1420         1491         71
    393      393         393         1         1423         1565         142
    394      394         394         1         1431         1514         83
    395      395         395         1         1434         1567         133
    396      396         396         1         1434         1473         39
    397      397         397         1         1435         1602         167
    398      398         398         1         1437         1497         60
    399      399         399         1         1438         1608         170
    400      400         400         1         1440         1521         81
