csp450

VEHICLE
NUMBER     CAPACITY
  1000      1000000

CUSTOMER
CUST NO.  XCOORD.    YCOORD.    DEMAND   READY TIME   DUE DATE   SERVICE TIME
 
    0      0         0         0         0         0         0
    1      1         1         1         2         182         180
    2      2         2         1         2         144         142
    3      3         3         1         9         92         83
    4      4         4         1         11         225         214
    5      5         5         1         11         127         116
    6      6         6         1         16         248         232
    7      7         7         1         17         113         96
    8      8         8         1         23         153         130
    9      9         9         1         26         135         109
    10      10         10         1         28         131         103
    11      11         11         1         29         245         216
    12      12         12         1         32         65         33
    13      13         13         1         33         115         82
    14      14         14         1         34         104         70
    15      15         15         1         40         270         230
    16      16         16         1         43         84         41
    17      17         17         1         45         260         215
    18      18         18         1         49         86         37
    19      19         19         1         49         151         102
    20      20         20         1         53         165         112
    21      21         21         1         59         247         188
    22      22         22         1         62         84         22
    23      23         23         1         68         149         81
    24      24         24         1         70         141         71
    25      25         25         1         78         103         25
    26      26         26         1         82         193         111
    27      27         27         1         94         191         97
    28      28         28         1         99         236         137
    29      29         29         1         100         128         28
    30      30         30         1         104         137         33
    31      31         31         1         104         231         127
    32      32         32         1         108         183         75
    33      33         33         1         114         208         94
    34      34         34         1         115         279         164
    35      35         35         1         121         178         57
    36      36         36         1         123         167         44
    37      37         37         1         126         325         199
    38      38         38         1         127         341         214
    39      39         39         1         128         203         75
    40      40         40         1         130         298         168
    41      41         41         1         131         307         176
    42      42         42         1         132         164         32
    43      43         43         1         136         358         222
    44      44         44         1         148         358         210
    45      45         45         1         150         365         215
    46      46         46         1         151         353         202
    47      47         47         1         152         221         69
    48      48         48         1         156         314         158
    49      49         49         1         161         397         236
    50      50         50         1         167         237         70
    51      51         51         1         171         327         156
    52      52         52         1         176         405         229
    53      53         53         1         184         246         62
    54      54         54         1         186         367         181
    55      55         55         1         186         264         78
    56      56         56         1         188         366         178
    57      57         57         1         189         343         154
    58      58         58         1         191         395         204
    59      59         59         1         193         282         89
    60      60         60         1         197         389         192
    61      61         61         1         197         401         204
    62      62         62         1         197         235         38
    63      63         63         1         201         363         162
    64      64         64         1         205         319         114
    65      65         65         1         205         298         93
    66      66         66         1         205         366         161
    67      67         67         1         208         228         20
    68      68         68         1         211         299         88
    69      69         69         1         214         333         119
    70      70         70         1         214         248         34
    71      71         71         1         218         275         57
    72      72         72         1         218         278         60
    73      73         73         1         219         306         87
    74      74         74         1         220         406         186
    75      75         75         1         221         304         83
    76      76         76         1         223         318         95
    77      77         77         1         233         464         231
    78      78         78         1         236         307         71
    79      79         79         1         237         360         123
    80      80         80         1         239         346         107
    81      81         81         1         240         364         124
    82      82         82         1         245         313         68
    83      83         83         1         248         444         196
    84      84         84         1         254         287         33
    85      85         85         1         255         494         239
    86      86         86         1         257         337         80
    87      87         87         1         269         382         113
    88      88         88         1         279         332         53
    89      89         89         1         279         488         209
    90      90         90         1         281         506         225
    91      91         91         1         286         456         170
    92      92         92         1         287         384         97
    93      93         93         1         288         441         153
    94      94         94         1         291         417         126
    95      95         95         1         299         362         63
    96      96         96         1         300         518         218
    97      97         97         1         300         476         176
    98      98         98         1         301         498         197
    99      99         99         1         302         454         152
    100      100         100         1         313         462         149
    101      101         101         1         314         361         47
    102      102         102         1         315         545         230
    103      103         103         1         315         510         195
    104      104         104         1         319         433         114
    105      105         105         1         326         521         195
    106      106         106         1         326         432         106
    107      107         107         1         335         434         99
    108      108         108         1         337         444         107
    109      109         109         1         341         391         50
    110      110         110         1         343         380         37
    111      111         111         1         345         540         195
    112      112         112         1         346         371         25
    113      113         113         1         351         402         51
    114      114         114         1         356         496         140
    115      115         115         1         357         527         170
    116      116         116         1         364         540         176
    117      117         117         1         365         458         93
    118      118         118         1         367         486         119
    119      119         119         1         369         475         106
    120      120         120         1         371         609         238
    121      121         121         1         375         483         108
    122      122         122         1         383         489         106
    123      123         123         1         384         452         68
    124      124         124         1         388         492         104
    125      125         125         1         393         493         100
    126      126         126         1         395         598         203
    127      127         127         1         409         514         105
    128      128         128         1         409         648         239
    129      129         129         1         410         489         79
    130      130         130         1         411         477         66
    131      131         131         1         411         449         38
    132      132         132         1         413         506         93
    133      133         133         1         413         537         124
    134      134         134         1         414         593         179
    135      135         135         1         419         519         100
    136      136         136         1         419         611         192
    137      137         137         1         425         491         66
    138      138         138         1         437         569         132
    139      139         139         1         438         658         220
    140      140         140         1         441         512         71
    141      141         141         1         444         541         97
    142      142         142         1         448         679         231
    143      143         143         1         448         503         55
    144      144         144         1         459         641         182
    145      145         145         1         464         603         139
    146      146         146         1         465         636         171
    147      147         147         1         467         599         132
    148      148         148         1         469         603         134
    149      149         149         1         470         609         139
    150      150         150         1         471         672         201
    151      151         151         1         474         512         38
    152      152         152         1         476         567         91
    153      153         153         1         480         554         74
    154      154         154         1         492         718         226
    155      155         155         1         493         515         22
    156      156         156         1         502         544         42
    157      157         157         1         508         549         41
    158      158         158         1         513         733         220
    159      159         159         1         522         756         234
    160      160         160         1         528         753         225
    161      161         161         1         531         652         121
    162      162         162         1         538         579         41
    163      163         163         1         541         737         196
    164      164         164         1         545         656         111
    165      165         165         1         546         695         149
    166      166         166         1         548         687         139
    167      167         167         1         550         571         21
    168      168         168         1         554         691         137
    169      169         169         1         555         760         205
    170      170         170         1         565         803         238
    171      171         171         1         565         669         104
    172      172         172         1         568         765         197
    173      173         173         1         571         615         44
    174      174         174         1         572         589         17
    175      175         175         1         574         703         129
    176      176         176         1         575         717         142
    177      177         177         1         577         611         34
    178      178         178         1         578         750         172
    179      179         179         1         579         744         165
    180      180         180         1         580         612         32
    181      181         181         1         590         813         223
    182      182         182         1         593         825         232
    183      183         183         1         595         786         191
    184      184         184         1         600         628         28
    185      185         185         1         603         777         174
    186      186         186         1         605         806         201
    187      187         187         1         607         624         17
    188      188         188         1         616         676         60
    189      189         189         1         619         636         17
    190      190         190         1         622         841         219
    191      191         191         1         622         850         228
    192      192         192         1         624         743         119
    193      193         193         1         641         845         204
    194      194         194         1         643         804         161
    195      195         195         1         645         793         148
    196      196         196         1         649         699         50
    197      197         197         1         654         673         19
    198      198         198         1         655         773         118
    199      199         199         1         656         880         224
    200      200         200         1         660         876         216
    201      201         201         1         661         797         136
    202      202         202         1         661         887         226
    203      203         203         1         666         834         168
    204      204         204         1         671         768         97
    205      205         205         1         676         906         230
    206      206         206         1         686         888         202
    207      207         207         1         690         803         113
    208      208         208         1         693         816         123
    209      209         209         1         696         713         17
    210      210         210         1         696         862         166
    211      211         211         1         699         775         76
    212      212         212         1         702         884         182
    213      213         213         1         705         891         186
    214      214         214         1         708         800         92
    215      215         215         1         709         755         46
    216      216         216         1         709         773         64
    217      217         217         1         710         889         179
    218      218         218         1         712         819         107
    219      219         219         1         720         861         141
    220      220         220         1         725         779         54
    221      221         221         1         726         821         95
    222      222         222         1         726         846         120
    223      223         223         1         729         923         194
    224      224         224         1         730         869         139
    225      225         225         1         731         949         218
    226      226         226         1         733         842         109
    227      227         227         1         736         786         50
    228      228         228         1         737         809         72
    229      229         229         1         739         829         90
    230      230         230         1         744         926         182
    231      231         231         1         744         980         236
    232      232         232         1         744         771         27
    233      233         233         1         759         831         72
    234      234         234         1         763         912         149
    235      235         235         1         764         982         218
    236      236         236         1         767         793         26
    237      237         237         1         768         789         21
    238      238         238         1         770         853         83
    239      239         239         1         771         927         156
    240      240         240         1         771         899         128
    241      241         241         1         772         844         72
    242      242         242         1         772         812         40
    243      243         243         1         773         866         93
    244      244         244         1         778         958         180
    245      245         245         1         784         916         132
    246      246         246         1         785         914         129
    247      247         247         1         785         952         167
    248      248         248         1         786         951         165
    249      249         249         1         790         846         56
    250      250         250         1         794         828         34
    251      251         251         1         797         974         177
    252      252         252         1         802         977         175
    253      253         253         1         804         973         169
    254      254         254         1         805         1028         223
    255      255         255         1         811         963         152
    256      256         256         1         814         1015         201
    257      257         257         1         817         930         113
    258      258         258         1         818         1020         202
    259      259         259         1         818         989         171
    260      260         260         1         819         870         51
    261      261         261         1         821         867         46
    262      262         262         1         824         888         64
    263      263         263         1         825         924         99
    264      264         264         1         827         1034         207
    265      265         265         1         834         1010         176
    266      266         266         1         836         907         71
    267      267         267         1         837         1048         211
    268      268         268         1         840         951         111
    269      269         269         1         850         984         134
    270      270         270         1         850         1069         219
    271      271         271         1         853         923         70
    272      272         272         1         854         1027         173
    273      273         273         1         856         937         81
    274      274         274         1         857         955         98
    275      275         275         1         862         1015         153
    276      276         276         1         864         898         34
    277      277         277         1         866         976         110
    278      278         278         1         869         1067         198
    279      279         279         1         870         1029         159
    280      280         280         1         870         1007         137
    281      281         281         1         873         975         102
    282      282         282         1         880         899         19
    283      283         283         1         880         1049         169
    284      284         284         1         882         920         38
    285      285         285         1         884         1055         171
    286      286         286         1         888         1064         176
    287      287         287         1         894         944         50
    288      288         288         1         897         932         35
    289      289         289         1         902         1041         139
    290      290         290         1         907         1010         103
    291      291         291         1         911         1138         227
    292      292         292         1         915         986         71
    293      293         293         1         919         1019         100
    294      294         294         1         924         1076         152
    295      295         295         1         929         1024         95
    296      296         296         1         933         993         60
    297      297         297         1         937         1144         207
    298      298         298         1         941         1079         138
    299      299         299         1         942         991         49
    300      300         300         1         942         1127         185
    301      301         301         1         945         1040         95
    302      302         302         1         952         1189         237
    303      303         303         1         959         1030         71
    304      304         304         1         961         1157         196
    305      305         305         1         964         1028         64
    306      306         306         1         967         1035         68
    307      307         307         1         981         1216         235
    308      308         308         1         989         1078         89
    309      309         309         1         990         1105         115
    310      310         310         1         991         1199         208
    311      311         311         1         995         1042         47
    312      312         312         1         1001         1198         197
    313      313         313         1         1008         1171         163
    314      314         314         1         1012         1130         118
    315      315         315         1         1013         1131         118
    316      316         316         1         1017         1206         189
    317      317         317         1         1019         1071         52
    318      318         318         1         1022         1107         85
    319      319         319         1         1026         1109         83
    320      320         320         1         1029         1124         95
    321      321         321         1         1031         1267         236
    322      322         322         1         1037         1243         206
    323      323         323         1         1038         1132         94
    324      324         324         1         1040         1091         51
    325      325         325         1         1041         1091         50
    326      326         326         1         1043         1097         54
    327      327         327         1         1046         1224         178
    328      328         328         1         1049         1211         162
    329      329         329         1         1050         1080         30
    330      330         330         1         1051         1257         206
    331      331         331         1         1057         1099         42
    332      332         332         1         1057         1174         117
    333      333         333         1         1060         1173         113
    334      334         334         1         1063         1224         161
    335      335         335         1         1065         1129         64
    336      336         336         1         1065         1172         107
    337      337         337         1         1067         1267         200
    338      338         338         1         1070         1255         185
    339      339         339         1         1070         1171         101
    340      340         340         1         1073         1288         215
    341      341         341         1         1073         1160         87
    342      342         342         1         1077         1172         95
    343      343         343         1         1078         1159         81
    344      344         344         1         1080         1140         60
    345      345         345         1         1084         1276         192
    346      346         346         1         1091         1128         37
    347      347         347         1         1092         1300         208
    348      348         348         1         1092         1237         145
    349      349         349         1         1094         1149         55
    350      350         350         1         1097         1217         120
    351      351         351         1         1097         1314         217
    352      352         352         1         1104         1321         217
    353      353         353         1         1105         1282         177
    354      354         354         1         1105         1321         216
    355      355         355         1         1107         1332         225
    356      356         356         1         1113         1323         210
    357      357         357         1         1120         1141         21
    358      358         358         1         1125         1328         203
    359      359         359         1         1127         1319         192
    360      360         360         1         1134         1297         163
    361      361         361         1         1136         1171         35
    362      362         362         1         1139         1198         59
    363      363         363         1         1140         1159         19
    364      364         364         1         1143         1294         151
    365      365         365         1         1145         1340         195
    366      366         366         1         1147         1252         105
    367      367         367         1         1151         1306         155
    368      368         368         1         1154         1237         83
    369      369         369         1         1161         1235         74
    370      370         370         1         1166         1212         46
    371      371         371         1         1172         1189         17
    372      372         372         1         1179         1296         117
    373      373         373         1         1180         1369         189
    374      374         374         1         1183         1393         210
    375      375         375         1         1184         1307         123
    376      376         376         1         1184         1235         51
    377      377         377         1         1189         1214         25
    378      378         378         1         1191         1335         144
    379      379         379         1         1196         1282         86
    380      380         380         1         1200         1274         74
    381      381         381         1         1201         1335         134
    382      382         382         1         1204         1282         78
    383      383         383         1         1205         1283         78
    384      384         384         1         1213         1274         61
    385      385         385         1         1215         1434         219
    386      386         386         1         1218         1317         99
    387      387         387         1         1221         1254         33
    388      388         388         1         1228         1393         165
    389      389         389         1         1230         1378         148
    390      390         390         1         1233         1452         219
    391      391         391         1         1235         1286         51
    392      392         392         1         1235         1441         206
    393      393         393         1         1241         1336         95
    394      394         394         1         1243         1294         51
    395      395         395         1         1248         1400         152
    396      396         396         1         1249         1481         232
    397      397         397         1         1253         1456         203
    398      398         398         1         1260         1381         121
    399      399         399         1         1262         1294         32
    400      400         400         1         1265         1285         20
    401      401         401         1         1270         1478         208
    402      402         402         1         1271         1393         122
    403      403         403         1         1273         1327         54
    404      404         404         1         1275         1404         129
    405      405         405         1         1279         1499         220
    406      406         406         1         1279         1448         169
    407      407         407         1         1282         1350         68
    408      408         408         1         1282         1338         56
    409      409         409         1         1283         1427         144
    410      410         410         1         1296         1523         227
    411      411         411         1         1299         1442         143
    412      412         412         1         1299         1516         217
    413      413         413         1         1301         1436         135
    414      414         414         1         1302         1442         140
    415      415         415         1         1304         1501         197
    416      416         416         1         1308         1539         231
    417      417         417         1         1310         1438         128
    418      418         418         1         1311         1487         176
    419      419         419         1         1311         1365         54
    420      420         420         1         1312         1429         117
    421      421         421         1         1317         1407         90
    422      422         422         1         1317         1417         100
    423      423         423         1         1318         1443         125
    424      424         424         1         1319         1395         76
    425      425         425         1         1328         1544         216
    426      426         426         1         1337         1502         165
    427      427         427         1         1341         1521         180
    428      428         428         1         1343         1543         200
    429      429         429         1         1349         1468         119
    430      430         430         1         1350         1431         81
    431      431         431         1         1354         1462         108
    432      432         432         1         1356         1592         236
    433      433         433         1         1357         1576         219
    434      434         434         1         1365         1431         66
    435      435         435         1         1371         1532         161
    436      436         436         1         1372         1562         190
    437      437         437         1         1373         1535         162
    438      438         438         1         1376         1417         41
    439      439         439         1         1380         1456         76
    440      440         440         1         1383         1422         39
    441      441         441         1         1388         1492         104
    442      442         442         1         1398         1433         35
    443      443         443         1         1401         1568         167
    444      444         444         1         1406         1475         69
    445      445         445         1         1406         1543         137
    446      446         446         1         1426         1495         69
    447      447         447         1         1427         1465         38
    448      448         448         1         1433         1486         53
    449      449         449         1         1433         1662         229
    450      450         450         1         1437         1495         58
