csp300

VEHICLE
NUMBER     CAPACITY
  1000      1000000

CUSTOMER
CUST NO.  XCOORD.    YCOORD.    DEMAND   READY TIME   DUE DATE   SERVICE TIME
 
    0      0         0         0         0         0         0
    1      1         1         1         6         86         80
    2      2         2         1         9         169         160
    3      3         3         1         10         82         72
    4      4         4         1         15         216         201
    5      5         5         1         17         147         130
    6      6         6         1         19         256         237
    7      7         7         1         20         153         133
    8      8         8         1         21         255         234
    9      9         9         1         23         73         50
    10      10         10         1         29         83         54
    11      11         11         1         31         61         30
    12      12         12         1         33         62         29
    13      13         13         1         47         227         180
    14      14         14         1         48         66         18
    15      15         15         1         56         72         16
    16      16         16         1         62         254         192
    17      17         17         1         75         99         24
    18      18         18         1         79         283         204
    19      19         19         1         80         225         145
    20      20         20         1         80         214         134
    21      21         21         1         81         188         107
    22      22         22         1         83         112         29
    23      23         23         1         84         180         96
    24      24         24         1         86         118         32
    25      25         25         1         93         225         132
    26      26         26         1         95         176         81
    27      27         27         1         98         310         212
    28      28         28         1         98         236         138
    29      29         29         1         103         241         138
    30      30         30         1         118         194         76
    31      31         31         1         123         331         208
    32      32         32         1         126         194         68
    33      33         33         1         126         160         34
    34      34         34         1         128         193         65
    35      35         35         1         133         271         138
    36      36         36         1         135         275         140
    37      37         37         1         135         177         42
    38      38         38         1         135         367         232
    39      39         39         1         135         205         70
    40      40         40         1         140         364         224
    41      41         41         1         141         340         199
    42      42         42         1         143         313         170
    43      43         43         1         151         187         36
    44      44         44         1         154         246         92
    45      45         45         1         155         199         44
    46      46         46         1         156         228         72
    47      47         47         1         168         265         97
    48      48         48         1         169         195         26
    49      49         49         1         186         213         27
    50      50         50         1         187         305         118
    51      51         51         1         188         223         35
    52      52         52         1         192         236         44
    53      53         53         1         199         357         158
    54      54         54         1         204         414         210
    55      55         55         1         204         426         222
    56      56         56         1         205         253         48
    57      57         57         1         208         292         84
    58      58         58         1         210         293         83
    59      59         59         1         216         403         187
    60      60         60         1         221         301         80
    61      61         61         1         232         258         26
    62      62         62         1         237         338         101
    63      63         63         1         243         280         37
    64      64         64         1         259         396         137
    65      65         65         1         259         306         47
    66      66         66         1         262         413         151
    67      67         67         1         268         338         70
    68      68         68         1         274         317         43
    69      69         69         1         289         465         176
    70      70         70         1         290         435         145
    71      71         71         1         309         509         200
    72      72         72         1         311         453         142
    73      73         73         1         331         352         21
    74      74         74         1         331         358         27
    75      75         75         1         335         398         63
    76      76         76         1         341         416         75
    77      77         77         1         342         420         78
    78      78         78         1         343         402         59
    79      79         79         1         344         510         166
    80      80         80         1         346         407         61
    81      81         81         1         347         415         68
    82      82         82         1         353         487         134
    83      83         83         1         353         554         201
    84      84         84         1         360         381         21
    85      85         85         1         363         462         99
    86      86         86         1         363         401         38
    87      87         87         1         365         456         91
    88      88         88         1         368         459         91
    89      89         89         1         385         548         163
    90      90         90         1         390         434         44
    91      91         91         1         391         564         173
    92      92         92         1         392         493         101
    93      93         93         1         396         477         81
    94      94         94         1         397         518         121
    95      95         95         1         398         445         47
    96      96         96         1         410         618         208
    97      97         97         1         411         429         18
    98      98         98         1         416         612         196
    99      99         99         1         417         507         90
    100      100         100         1         418         573         155
    101      101         101         1         418         484         66
    102      102         102         1         419         563         144
    103      103         103         1         421         444         23
    104      104         104         1         425         539         114
    105      105         105         1         445         672         227
    106      106         106         1         445         517         72
    107      107         107         1         460         557         97
    108      108         108         1         460         513         53
    109      109         109         1         462         517         55
    110      110         110         1         465         481         16
    111      111         111         1         467         703         236
    112      112         112         1         472         637         165
    113      113         113         1         479         667         188
    114      114         114         1         484         532         48
    115      115         115         1         494         626         132
    116      116         116         1         495         705         210
    117      117         117         1         502         563         61
    118      118         118         1         521         737         216
    119      119         119         1         522         543         21
    120      120         120         1         536         560         24
    121      121         121         1         541         579         38
    122      122         122         1         543         677         134
    123      123         123         1         545         719         174
    124      124         124         1         549         582         33
    125      125         125         1         549         591         42
    126      126         126         1         552         692         140
    127      127         127         1         574         709         135
    128      128         128         1         575         791         216
    129      129         129         1         579         605         26
    130      130         130         1         590         645         55
    131      131         131         1         598         719         121
    132      132         132         1         606         632         26
    133      133         133         1         609         803         194
    134      134         134         1         614         672         58
    135      135         135         1         626         819         193
    136      136         136         1         626         683         57
    137      137         137         1         635         722         87
    138      138         138         1         637         796         159
    139      139         139         1         644         806         162
    140      140         140         1         644         690         46
    141      141         141         1         652         853         201
    142      142         142         1         657         804         147
    143      143         143         1         658         697         39
    144      144         144         1         660         678         18
    145      145         145         1         664         901         237
    146      146         146         1         666         808         142
    147      147         147         1         670         857         187
    148      148         148         1         671         821         150
    149      149         149         1         672         859         187
    150      150         150         1         688         906         218
    151      151         151         1         693         806         113
    152      152         152         1         694         775         81
    153      153         153         1         697         759         62
    154      154         154         1         698         934         236
    155      155         155         1         700         792         92
    156      156         156         1         700         737         37
    157      157         157         1         708         828         120
    158      158         158         1         714         943         229
    159      159         159         1         715         871         156
    160      160         160         1         717         844         127
    161      161         161         1         718         807         89
    162      162         162         1         726         920         194
    163      163         163         1         734         945         211
    164      164         164         1         735         926         191
    165      165         165         1         742         907         165
    166      166         166         1         743         836         93
    167      167         167         1         751         953         202
    168      168         168         1         760         799         39
    169      169         169         1         766         825         59
    170      170         170         1         775         963         188
    171      171         171         1         777         799         22
    172      172         172         1         782         922         140
    173      173         173         1         788         879         91
    174      174         174         1         788         1007         219
    175      175         175         1         790         909         119
    176      176         176         1         794         925         131
    177      177         177         1         796         859         63
    178      178         178         1         799         965         166
    179      179         179         1         800         914         114
    180      180         180         1         810         874         64
    181      181         181         1         812         970         158
    182      182         182         1         814         949         135
    183      183         183         1         814         882         68
    184      184         184         1         814         975         161
    185      185         185         1         816         992         176
    186      186         186         1         819         864         45
    187      187         187         1         822         1060         238
    188      188         188         1         829         869         40
    189      189         189         1         831         901         70
    190      190         190         1         833         966         133
    191      191         191         1         835         1050         215
    192      192         192         1         838         929         91
    193      193         193         1         859         987         128
    194      194         194         1         868         1071         203
    195      195         195         1         869         936         67
    196      196         196         1         870         917         47
    197      197         197         1         880         914         34
    198      198         198         1         885         1122         237
    199      199         199         1         886         1001         115
    200      200         200         1         889         939         50
    201      201         201         1         892         1081         189
    202      202         202         1         921         1144         223
    203      203         203         1         921         1098         177
    204      204         204         1         928         991         63
    205      205         205         1         929         1064         135
    206      206         206         1         935         1109         174
    207      207         207         1         936         1028         92
    208      208         208         1         967         1001         34
    209      209         209         1         972         1151         179
    210      210         210         1         974         1101         127
    211      211         211         1         974         1121         147
    212      212         212         1         983         1188         205
    213      213         213         1         990         1095         105
    214      214         214         1         1006         1203         197
    215      215         215         1         1016         1089         73
    216      216         216         1         1017         1150         133
    217      217         217         1         1017         1234         217
    218      218         218         1         1035         1223         188
    219      219         219         1         1035         1121         86
    220      220         220         1         1035         1128         93
    221      221         221         1         1042         1199         157
    222      222         222         1         1046         1214         168
    223      223         223         1         1056         1144         88
    224      224         224         1         1060         1220         160
    225      225         225         1         1065         1224         159
    226      226         226         1         1074         1233         159
    227      227         227         1         1074         1163         89
    228      228         228         1         1098         1252         154
    229      229         229         1         1100         1267         167
    230      230         230         1         1102         1321         219
    231      231         231         1         1104         1311         207
    232      232         232         1         1108         1220         112
    233      233         233         1         1112         1243         131
    234      234         234         1         1121         1217         96
    235      235         235         1         1134         1275         141
    236      236         236         1         1138         1283         145
    237      237         237         1         1140         1372         232
    238      238         238         1         1143         1343         200
    239      239         239         1         1143         1377         234
    240      240         240         1         1154         1288         134
    241      241         241         1         1158         1226         68
    242      242         242         1         1159         1293         134
    243      243         243         1         1167         1399         232
    244      244         244         1         1171         1306         135
    245      245         245         1         1182         1209         27
    246      246         246         1         1185         1278         93
    247      247         247         1         1195         1295         100
    248      248         248         1         1196         1404         208
    249      249         249         1         1202         1384         182
    250      250         250         1         1207         1292         85
    251      251         251         1         1211         1279         68
    252      252         252         1         1222         1461         239
    253      253         253         1         1226         1400         174
    254      254         254         1         1240         1315         75
    255      255         255         1         1240         1276         36
    256      256         256         1         1242         1387         145
    257      257         257         1         1252         1415         163
    258      258         258         1         1255         1316         61
    259      259         259         1         1259         1409         150
    260      260         260         1         1259         1454         195
    261      261         261         1         1261         1337         76
    262      262         262         1         1263         1383         120
    263      263         263         1         1277         1312         35
    264      264         264         1         1278         1441         163
    265      265         265         1         1280         1498         218
    266      266         266         1         1291         1487         196
    267      267         267         1         1292         1352         60
    268      268         268         1         1296         1524         228
    269      269         269         1         1297         1316         19
    270      270         270         1         1298         1508         210
    271      271         271         1         1299         1441         142
    272      272         272         1         1300         1341         41
    273      273         273         1         1301         1356         55
    274      274         274         1         1308         1456         148
    275      275         275         1         1309         1549         240
    276      276         276         1         1317         1423         106
    277      277         277         1         1320         1427         107
    278      278         278         1         1321         1445         124
    279      279         279         1         1324         1413         89
    280      280         280         1         1325         1525         200
    281      281         281         1         1326         1500         174
    282      282         282         1         1327         1500         173
    283      283         283         1         1338         1381         43
    284      284         284         1         1343         1415         72
    285      285         285         1         1352         1511         159
    286      286         286         1         1352         1408         56
    287      287         287         1         1368         1524         156
    288      288         288         1         1371         1460         89
    289      289         289         1         1375         1611         236
    290      290         290         1         1376         1469         93
    291      291         291         1         1387         1453         66
    292      292         292         1         1389         1482         93
    293      293         293         1         1395         1503         108
    294      294         294         1         1396         1463         67
    295      295         295         1         1396         1604         208
    296      296         296         1         1399         1587         188
    297      297         297         1         1403         1499         96
    298      298         298         1         1416         1604         188
    299      299         299         1         1432         1459         27
    300      300         300         1         1437         1484         47
